t: 0 ,x: 0 ,y: 0 ,z: 0
-0.27788
0.494908
0.337495
0.49277
-0.161422
0.11084
0.489496
-0.0197408
-0.239208
0.0795046
0.46755
-0.00407811
0.44204
0.481282
0.205028
0.497345
0.272464
0.0117419
-0.0546725
-0.477785
-0.0340709
0.346809
-0.101716
-0.42684
t: 0 ,x: 0 ,y: 0 ,z: 1
-0.304318
-0.318751
-0.324275
-0.0237859
0.130563
0.342131
0.484606
0.470523
0.278441
-0.338888
0.139141
-0.165271
0.204627
0.352917
0.442639
0.184595
-0.239554
0.49206
0.385221
-0.31324
0.430752
-0.194128
-0.0946057
-0.174856
t: 0 ,x: 0 ,y: 1 ,z: 0
0.289075
0.409101
-0.328569
0.029353
-0.164809
0.293838
0.452782
0.428542
0.182336
-0.14175
0.172251
-0.270457
-0.340134
-0.49143
-0.343586
-0.265319
0.402085
-0.0989783
0.434777
-0.187478
-0.0949214
-0.296149
-0.322562
-0.286059
t: 0 ,x: 0 ,y: 1 ,z: 1
-0.149215
-0.145672
-0.493513
0.486199
-0.27885
0.161596
0.468194
-0.120622
-0.144891
-0.23655
-0.0890206
-0.437693
-0.362714
0.383601
0.378476
-0.330712
0.449636
-0.444267
-0.102547
-0.315791
-0.134054
-0.0184029
0.217172
0.435296
t: 0 ,x: 0 ,y: 2 ,z: 0
0.323951
-0.0273383
-0.360291
0.0215608
0.17098
0.488264
0.0700747
-0.178867
-0.453592
-0.372023
0.310454
0.341995
0.0378456
-0.438142
0.42463
-0.43274
0.427857
-0.21052
0.2067
-0.380034
0.134157
0.307116
0.40242
0.0264802
t: 0 ,x: 0 ,y: 2 ,z: 1
0.138592
-0.267807
0.352024
-0.40707
0.298864
-0.31492
0.150151
-0.0742817
-0.0581707
-0.239476
0.251474
-0.075001
-0.451661
0.234515
-0.310069
0.1591
0.156974
0.247091
-0.275082
-0.111755
-0.16235
-0.422439
-0.220381
-0.352494
t: 0 ,x: 0 ,y: 3 ,z: 0
0.215968
0.285869
-0.00541208
-0.27821
-0.434699
0.432283
-0.415976
-0.450254
0.425998
-0.192686
0.452629
0.0788505
0.0597273
0.10478
0.207742
0.360512
0.301844
0.253109
-0.215582
0.221895
-0.46418
-0.316506
0.390401
-0.319727
t: 0 ,x: 0 ,y: 3 ,z: 1
-0.41885
0.158209
0.373435
-0.123943
0.259765
0.408394
-0.08489
-0.307745
0.285902
0.237824
0.163476
-0.0990252
-0.0895288
-0.0623249
-0.469125
-0.368328
0.443381
-0.172999
0.40398
0.191206
0.375882
0.484638
0.439782
-0.217634
t: 0 ,x: 1 ,y: 0 ,z: 0
0.329898
-0.229537
-0.0457443
0.465376
0.472438
0.0474057
-0.350282
-0.214
0.350558
0.110366
0.072388
-0.145791
0.32598
0.204127
-0.256593
0.298976
-0.0816323
0.169617
-0.135392
0.447619
0.402369
0.196328
-0.135446
0.282222
t: 0 ,x: 1 ,y: 0 ,z: 1
-0.0540553
-0.121576
-0.179098
0.210986
0.42611
0.273071
-0.0281279
0.45901
-0.186879
0.441718
0.11265
-0.0691994
-0.324746
-0.481437
-0.338231
-0.27404
-0.0762819
-0.304873
-0.421939
0.099818
0.390868
-0.364108
0.110487
-0.447612
t: 0 ,x: 1 ,y: 1 ,z: 0
0.214775
-0.252874
-0.428795
-0.0981135
0.28934
0.409528
-0.0635388
-0.346854
0.231512
-0.244944
0.100404
-0.293401
0.415823
-0.180748
0.0336952
0.470129
-0.368688
-0.0673664
-0.0682245
-0.266073
-0.172928
0.0281723
-0.323081
0.24758
t: 0 ,x: 1 ,y: 1 ,z: 1
0.229995
0.13663
-0.416293
-0.201001
-0.158022
-0.28252
0.44932
-0.263631
-0.0463253
-0.369627
0.388041
0.297167
-0.151932
0.490602
-0.206369
-0.187603
0.309475
-0.128288
0.0437509
-0.160467
-0.0977421
0.319409
0.23734
-0.455725
t: 0 ,x: 1 ,y: 2 ,z: 0
0.238386
0.42313
0.338895
0.199071
-0.38587
0.255127
-0.407172
0.495442
0.463543
0.331627
-0.0333803
0.477532
0.050034
-0.123378
-0.316806
0.295875
-0.302793
-0.423937
-0.388993
-0.346753
-0.353726
0.198704
0.394556
-0.231455
t: 0 ,x: 1 ,y: 2 ,z: 1
0.319737
0.429587
-0.271468
-0.0799747
0.369674
0.0131031
0.10562
0.145785
0.39382
-0.165169
-0.299077
0.477278
-0.386197
-0.115208
-0.204723
0.160707
0.127251
0.139517
0.285202
-0.318474
-0.430871
0.276287
0.379027
0.0488505
t: 0 ,x: 1 ,y: 3 ,z: 0
0.147546
-0.209875
-0.463313
-0.280534
0.0554056
-0.477393
0.0750062
-0.254809
0.201659
-0.168706
-0.369267
0.212724
0.0545465
-0.370473
-0.149608
-0.18831
0.144095
0.308605
0.259003
0.414477
0.432289
0.117795
0.24898
-0.11948
t: 0 ,x: 1 ,y: 3 ,z: 1
0.326688
-0.0776111
-0.47396
-0.0919168
-0.413081
0.385963
0.150696
-0.351856
-0.246656
-0.469752
-0.478076
-0.0321118
0.0133386
0.314493
0.263849
-0.29462
-0.386994
0.34591
-0.00319516
-0.00765015
0.0207614
0.0837903
0.400881
-0.261367
t: 0 ,x: 2 ,y: 0 ,z: 0
0.0541462
-0.0679019
-0.186927
-0.330347
0.0923128
0.428816
-0.161589
-0.112571
0.31405
0.335062
0.100967
-0.214039
-0.37518
-0.197051
0.312351
0.293421
-0.433823
-0.0415767
0.293393
-0.163539
0.0370682
0.173737
0.44887
0.126016
t: 0 ,x: 2 ,y: 0 ,z: 1
0.0988877
0.0240043
0.465735
-0.150636
0.484812
0.423206
-0.318005
-0.380217
-0.311195
-0.28272
-0.343565
0.0830096
-0.329185
-0.424623
-0.0413758
-0.0912016
0.282102
0.36512
0.0941402
-0.493762
0.488201
0.323648
-0.21826
-0.306919
t: 0 ,x: 2 ,y: 1 ,z: 0
0.346994
0.243481
-0.49283
0.222182
0.485406
-0.419298
0.392593
0.0222755
-0.489289
-0.137313
-0.0588838
0.245629
0.390996
0.0235845
0.142648
-0.268254
0.344244
-0.172024
-0.239667
0.294129
0.186651
-0.143373
0.356069
0.316221
t: 0 ,x: 2 ,y: 1 ,z: 1
0.408125
-0.377043
-0.240891
-0.497021
0.466584
0.26485
0.233525
0.276166
-0.0774456
-0.0863697
-0.441697
0.224261
0.0716737
0.280523
-0.401899
0.222023
-0.324879
0.220642
-0.28678
0.320075
0.236604
0.0355192
-0.465919
0.271481
t: 0 ,x: 2 ,y: 2 ,z: 0
0.0294246
0.0574138
0.208512
-0.38986
-0.261715
-0.377865
0.219414
-0.475066
0.147864
-0.118191
0.265882
0.383895
-0.216166
0.0350235
-0.497394
-0.345719
-0.208118
0.458998
-0.359618
0.137285
-0.373599
-0.0830996
0.0248541
-0.109777
t: 0 ,x: 2 ,y: 2 ,z: 1
0.312946
0.483171
-0.168936
-0.0556366
0.147124
0.0806768
-0.0618171
-0.0567849
-0.302458
-0.444245
-0.118203
0.12388
-0.108515
0.0306789
-0.479632
-0.356766
-0.220533
-0.132201
-0.301996
0.111012
0.298356
-0.0443944
0.237437
0.333504
t: 0 ,x: 2 ,y: 3 ,z: 0
-0.0172974
0.184168
0.0551085
-0.305615
0.11002
-0.0841142
0.0545142
0.303355
0.208142
-0.0227732
-0.275517
0.0285493
0.201431
0.198087
0.0458068
-0.204644
-0.272533
-0.192359
0.392662
0.0820613
0.317018
0.0590325
-0.3955
0.371888
t: 0 ,x: 2 ,y: 3 ,z: 1
0.197438
0.299972
0.299618
0.431332
0.453293
0.33229
-0.196648
-0.3237
0.157896
0.31072
-0.228132
-0.439605
-0.124443
-0.380327
-0.293239
-0.126172
-0.373256
0.136457
0.0761991
0.0767477
0.00698187
0.0404287
-0.314906
0.307407
t: 0 ,x: 3 ,y: 0 ,z: 0
-0.344804
-0.140276
0.269796
-0.496568
-0.321653
-0.239244
0.0320575
0.15355
-0.0434247
0.180339
-0.0274564
-0.442501
0.476717
-0.223685
0.435882
0.113438
-0.0280636
0.32977
0.237299
0.0750184
0.181334
-0.329614
0.105115
0.424395
t: 0 ,x: 3 ,y: 0 ,z: 1
-0.0141964
-0.0837573
-0.0561059
-0.00720354
-0.474986
0.320324
-0.400206
-0.27312
0.155295
-0.201784
0.392676
0.0469433
-0.230674
-0.225015
-0.331213
-0.427827
-0.434078
0.333908
0.0233408
0.0984599
-0.168171
-0.224243
-0.355927
-0.394098
t: 0 ,x: 3 ,y: 1 ,z: 0
-0.32266
-0.395494
0.434861
0.245994
-0.0463406
-0.356132
0.192756
-0.287435
-0.227661
0.458734
0.132277
0.13592
0.145739
-0.493378
0.477583
-0.34379
0.272341
0.47642
-0.32386
0.129911
-0.0981085
0.0852181
0.0267572
0.00242755
t: 0 ,x: 3 ,y: 1 ,z: 1
0.0327072
0.198733
0.160385
0.240133
-0.0828507
-0.483188
-0.136189
0.356807
-0.0188896
0.222731
0.194409
-0.00774414
-0.200475
-0.0665282
-0.301656
0.205018
-0.287721
0.00789266
-0.184845
-0.373604
0.0135362
-0.229309
0.228386
-0.110331
t: 0 ,x: 3 ,y: 2 ,z: 0
-0.0976255
0.492271
0.00495357
0.29618
-0.456237
0.0281086
-0.144823
-0.490892
-0.343705
-0.134056
-0.259066
0.17607
0.0167166
-0.0449084
0.361141
-0.226688
0.151182
0.0993993
-0.248237
-0.362898
0.2693
-0.116152
0.351843
0.10202
t: 0 ,x: 3 ,y: 2 ,z: 1
0.189408
0.0745303
0.407505
-0.0987863
-0.397848
0.182709
-0.487304
-0.499719
-0.475663
0.415878
0.41838
-0.165709
0.206137
-0.447749
-0.0187851
-0.00344489
0.0721287
0.369792
0.268201
-0.211883
-0.499718
0.13691
0.385584
-0.321466
t: 0 ,x: 3 ,y: 3 ,z: 0
0.372868
0.329157
-0.441725
-0.348644
0.36943
0.174733
0.350333
-0.388162
-0.0856874
-0.148653
-0.312456
-0.480255
-0.460109
0.157946
-0.480105
0.176737
0.181524
0.267059
-0.455246
-0.354358
-0.418622
-0.273028
0.400823
-0.391937
t: 0 ,x: 3 ,y: 3 ,z: 1
-0.454327
0.227686
0.138423
-0.422915
0.273504
-0.22943
-0.426538
-0.226537
0.355304
-0.211121
0.340402
-0.35347
0.325127
0.454739
0.0738403
0.475149
-0.156675
-0.122031
0.168797
0.219404
-0.315185
0.153061
-0.00342709
-0.189696
t: 1 ,x: 0 ,y: 0 ,z: 0
-0.286978
0.242883
0.286049
0.36265
-0.0692798
-0.498881
-0.380447
0.375298
-0.483636
0.230231
-0.362068
-0.156592
0.478145
0.0476571
-0.398785
0.348876
0.187893
-0.00978701
0.409276
-0.38201
-0.406931
0.225146
0.0511495
-0.260539
t: 1 ,x: 0 ,y: 0 ,z: 1
0.34747
-0.0440084
-0.27783
0.221311
0.449934
-0.387612
-0.475149
0.331745
0.235162
-0.304793
-0.247553
-0.283078
-0.278041
-0.288154
0.24338
0.117711
0.391551
0.481271
0.190225
0.11781
0.442264
-0.285675
0.0887236
0.247249
t: 1 ,x: 0 ,y: 1 ,z: 0
0.446753
0.182112
0.220275
0.438122
0.124092
-0.0263165
0.175629
-0.216479
-0.36859
0.314014
0.448018
-0.214039
0.378407
0.164224
0.0506979
-0.20177
-0.127041
0.358216
0.446914
0.157412
-0.482853
0.34341
-0.18048
-0.40805
t: 1 ,x: 0 ,y: 1 ,z: 1
-0.409555
-0.312078
-0.146966
-0.158031
-0.119585
0.392585
-0.247373
0.0746736
-0.448842
-0.296622
0.182591
-0.400508
-0.124112
-0.441672
0.171049
-0.408267
0.402388
0.0226821
-0.201783
0.0188801
-0.0312679
0.0671163
-0.337746
-0.269749
t: 1 ,x: 0 ,y: 2 ,z: 0
-0.258439
-0.174035
-0.300238
-0.28141
0.11029
0.0359523
-0.0727477
-0.108722
-0.161939
-0.299384
0.0653963
0.29918
0.343842
0.151598
-0.190355
-0.337229
0.36999
-0.4148
-0.281197
0.208013
-0.424298
-0.158915
0.307403
0.278571
t: 1 ,x: 0 ,y: 2 ,z: 1
-0.210823
-0.340277
-0.0517639
-0.073702
-0.250055
-0.0938417
-0.38185
-0.301464
0.177691
0.279911
0.353228
0.138604
-0.0849593
-0.155708
-0.481261
0.0949834
-0.290837
0.303139
-0.355273
-0.20498
-0.0793296
0.328958
-0.370102
-0.219396
t: 1 ,x: 0 ,y: 3 ,z: 0
0.0781763
0.403691
-0.425555
0.226108
-0.266981
-0.428215
0.366726
-0.137009
-0.488978
0.22499
0.419202
-0.279194
-0.393187
-0.460728
-0.374175
0.160961
0.221095
0.466458
-0.303962
0.227442
-0.397604
0.246714
-0.490155
0.167795
t: 1 ,x: 0 ,y: 3 ,z: 1
0.422215
0.252667
0.0338862
0.0880122
0.186108
-0.398013
-0.359773
0.0965921
0.263141
0.38243
0.37758
-0.0341261
-0.0977308
-0.478136
-0.141082
0.29285
0.296587
0.305495
-0.0500244
0.377024
0.355031
0.2935
0.369851
-0.450532
t: 1 ,x: 1 ,y: 0 ,z: 0
0.345987
-0.0755045
-0.35202
0.485102
-0.0116092
0.403757
-0.37904
0.109298
-0.116683
-0.430189
-0.201749
0.0702884
0.402636
0.309022
0.477514
0.390427
0.281249
-0.255
0.448363
-0.167754
0.195518
-0.131839
0.487562
-0.280686
t: 1 ,x: 1 ,y: 0 ,z: 1
-0.4471
0.490454
-0.380782
0.437262
-0.433583
0.411293
0.290252
-0.393025
0.442491
0.462934
0.194474
-0.0302525
0.171795
-0.332994
0.467814
0.353346
-0.0198395
0.0786509
0.372784
-0.301745
-0.029793
0.0207007
0.392002
0.0149838
t: 1 ,x: 1 ,y: 1 ,z: 0
-0.135752
0.317527
-0.14138
0.316163
0.0451625
-0.173297
-0.134255
0.0212756
0.284298
0.0363208
0.217463
0.0671889
-0.355895
-0.253198
-0.38918
-0.0257048
0.0480911
-0.111751
0.071142
0.415881
-0.0781942
0.337876
-0.0976939
0.417474
t: 1 ,x: 1 ,y: 1 ,z: 1
0.125965
0.196775
0.0591083
0.173256
0.126438
0.361256
-0.0993829
-0.391762
-0.0242822
0.381218
-0.258586
0.237729
0.216626
-0.463508
0.481878
-0.420231
0.261372
-0.21817
-0.130814
0.361491
0.147745
-0.287837
-0.382558
0.0270442
t: 1 ,x: 1 ,y: 2 ,z: 0
-0.170925
-0.0179855
-0.301621
-0.397499
0.315747
-0.323595
-0.396684
-0.197684
0.0534283
-0.0246773
0.272571
0.372238
-0.103194
0.0798029
-0.309715
0.0551768
-0.0824857
-0.225099
-0.149387
0.239378
0.0710542
0.1933
-0.0844831
0.30238
t: 1 ,x: 1 ,y: 2 ,z: 1
0.439912
0.313034
-0.0951224
-0.100461
0.368692
0.47379
0.186417
-0.0374403
0.311978
-0.271552
0.365922
-0.0287316
-0.373239
0.160044
-0.0824712
0.141016
-0.141329
0.38902
0.0393202
-0.471587
0.294848
0.371625
-0.228744
-0.300284
t: 1 ,x: 1 ,y: 3 ,z: 0
-0.313786
0.247565
0.370466
-0.47096
0.0780111
0.433451
0.303182
-0.102335
-0.370145
0.378343
-0.0168916
-0.448947
0.155209
0.39866
-0.437226
0.136813
-0.134971
-0.208056
-0.332579
0.494672
0.461506
-0.00755928
-0.0497441
-0.401355
t: 1 ,x: 1 ,y: 3 ,z: 1
0.295182
-0.123781
-0.25663
0.161923
-0.227652
0.449467
-0.119578
-0.193388
-0.420439
0.0608976
-0.024832
-0.126697
-0.421827
-0.0323844
0.0541786
0.399561
0.414228
-0.446439
0.462604
-0.468236
-0.0123458
-0.249392
0.388597
-0.348676
t: 1 ,x: 2 ,y: 0 ,z: 0
-0.0704039
0.244617
0.185011
-0.20581
0.147851
-0.137765
-0.093747
-0.478389
0.31776
0.128939
0.123673
0.260504
-0.0804601
0.364822
0.134637
0.273376
0.0529087
-0.158175
0.138434
-0.159424
-0.203977
0.464599
-0.183581
-0.0581973
t: 1 ,x: 2 ,y: 0 ,z: 1
0.318091
0.156932
0.0243134
-0.290921
0.303683
-0.363391
-0.0186569
0.190075
-0.498367
-0.45616
0.42388
-0.491544
0.372569
-0.0481579
-0.319458
0.337076
-0.123533
0.132904
-0.478808
-0.289848
0.415298
0.0792229
-0.0659602
-0.407811
t: 1 ,x: 2 ,y: 1 ,z: 0
-0.174329
-0.314951
-0.306932
0.294258
0.102551
-0.314873
-0.307761
-0.217666
0.227489
0.41417
-0.456521
0.157746
0.0734395
0.203073
-0.137839
0.106424
-0.136877
-0.240219
-0.00316147
-0.0885771
0.0690356
0.196248
-0.30077
-0.297629
t: 1 ,x: 2 ,y: 1 ,z: 1
-0.0394351
0.457582
0.375968
-0.0242182
0.227335
-0.214473
0.115372
0.061815
0.237762
-0.494409
-0.359468
0.135897
-0.472058
-0.134361
-0.295777
-0.422277
0.0583906
-0.126494
0.211709
-0.0344828
-0.375247
0.0821288
-0.465784
-0.239981
t: 1 ,x: 2 ,y: 2 ,z: 0
-0.436476
0.0529457
0.0588934
-0.219476
-0.445077
-0.208209
0.0103313
-0.095594
-0.107535
-0.203776
-0.0258081
0.0318979
0.0623961
0.47921
0.355299
0.249517
-0.143956
-0.358676
0.210518
0.298354
-0.475723
0.352074
-0.48898
-0.0924232
t: 1 ,x: 2 ,y: 2 ,z: 1
-0.324364
0.0707218
-0.0909553
0.288813
-0.281667
0.0879191
-0.488997
0.103715
-0.348787
0.401713
-0.00818474
-0.485157
-0.0801056
-0.0450407
-0.375414
-0.490912
-0.128325
-0.244097
0.445274
-0.456746
0.0664541
-0.220349
-0.17627
-0.297033
t: 1 ,x: 2 ,y: 3 ,z: 0
0.330773
-0.294482
0.170518
-0.0110271
-0.0217728
0.483661
0.373167
0.0489559
0.0618846
0.444191
-0.173967
-0.341615
-0.127035
0.162884
-0.405324
-0.479516
0.154936
-0.420124
0.33871
-0.496729
-0.3367
-0.0688282
0.106282
0.260733
t: 1 ,x: 2 ,y: 3 ,z: 1
-0.23126
-0.102447
0.00891562
0.295517
-0.225094
0.00142459
0.0871405
-0.0878352
-0.497957
-0.310624
0.385395
0.182738
0.473746
-0.27329
0.368907
0.000786273
-0.263445
0.499919
0.335795
-0.465016
-0.0592944
-0.425946
0.404361
-0.0896716
t: 1 ,x: 3 ,y: 0 ,z: 0
-0.184753
0.384182
-0.0114114
-0.257323
-0.418126
0.253573
0.414074
0.231481
0.16919
0.02601
0.472177
-0.124066
0.312766
0.475588
0.261888
-0.478651
-0.243769
0.314572
-0.37305
0.36544
-0.195231
0.0583961
-0.13999
-0.241725
t: 1 ,x: 3 ,y: 0 ,z: 1
0.424776
0.226579
0.116098
0.115019
-0.0679224
0.359336
0.15448
0.0272011
0.0659579
0.11187
-0.389062
-0.293933
-0.0925752
0.251819
-0.00819682
0.22071
-0.332514
-0.269953
-0.0234508
-0.396005
-0.155135
0.120971
0.417537
-0.209089
t: 1 ,x: 3 ,y: 1 ,z: 0
-0.367554
-0.364205
-0.366501
-0.473157
-0.262095
-0.399446
0.207596
-0.162677
-0.0236725
-0.239444
-0.478573
0.386225
0.0912654
0.0238043
-0.316932
0.0659137
0.265582
0.28821
0.34029
0.460752
-0.305463
-0.189132
0.10932
0.404449
t: 1 ,x: 3 ,y: 1 ,z: 1
0.410966
0.172417
-0.00497429
-0.287905
0.27604
0.265465
0.230178
0.309313
-0.321034
-0.106719
0.419434
0.403845
0.0251366
-0.496537
-0.262049
0.048942
-0.465412
0.30098
0.205051
0.433325
0.22131
0.485989
-0.269901
0.499053
t: 1 ,x: 3 ,y: 2 ,z: 0
0.17878
-0.355959
-0.289205
0.036508
0.458263
0.379768
0.453303
0.234794
-0.106214
0.129891
-0.42083
-0.2238
0.201334
-0.282688
-0.114255
-0.0450056
-0.440305
-0.384642
-0.165198
-0.0263577
-0.333491
0.0796379
-0.0416503
-0.476336
t: 1 ,x: 3 ,y: 2 ,z: 1
-0.0445197
0.27477
-0.00890543
-0.00630565
0.259306
0.274167
0.4658
0.163894
-0.292195
0.343313
-0.159213
0.0437442
0.0618177
0.23045
-0.0319215
-0.410682
0.000869774
0.283293
-0.143812
0.396512
0.106192
0.0863926
0.233339
0.108295
t: 1 ,x: 3 ,y: 3 ,z: 0
0.410596
-0.0290185
0.37487
0.196897
0.422831
0.187619
0.0228754
-0.014039
0.476415
-0.248329
-0.00338827
0.263026
0.101594
-0.0273543
0.268976
-0.400684
-0.126054
0.460623
-0.13264
-0.458336
-0.145725
-0.0334901
-0.0535584
0.170492
t: 1 ,x: 3 ,y: 3 ,z: 1
0.301852
-0.242453
-0.224003
0.128131
-0.18335
0.355517
0.188548
0.113361
0.446147
0.372276
0.239698
0.0108954
-0.421633
-0.134241
0.448241
0.278653
-0.364763
0.109293
0.00365199
-0.049006
-0.321041
-0.0819411
-0.244672
-0.367285
t: 2 ,x: 0 ,y: 0 ,z: 0
0.0489763
-0.291242
-0.369069
0.156431
0.0582639
0.282003
0.370477
0.155092
-0.404976
-0.0882898
0.108297
-0.33828
0.199539
-0.298287
0.386768
-0.00993463
-0.184221
0.327073
-0.356291
-0.427282
-0.0464666
0.216013
0.0796069
0.137326
t: 2 ,x: 0 ,y: 0 ,z: 1
0.439171
-0.0518523
0.0813326
-0.413084
0.281822
0.145651
0.055774
0.216917
0.436598
0.416228
-0.390181
0.449331
0.407662
-0.0297671
-0.497621
0.0936169
-0.298719
0.379012
-0.31036
0.254169
0.112672
-0.432485
0.0865174
0.395918
t: 2 ,x: 0 ,y: 1 ,z: 0
-0.289675
-0.458551
0.375256
-0.2476
0.167593
-0.462272
0.306406
0.214746
-0.216233
0.256694
0.457909
0.0754201
0.13544
-0.414431
0.344768
-0.482907
-0.196114
-0.245189
0.104809
-0.465061
0.0352933
0.182537
-0.27473
0.0597028
t: 2 ,x: 0 ,y: 1 ,z: 1
-0.491938
0.356896
-0.079499
0.409258
-0.394954
-0.0177467
0.322767
-0.16202
-0.281537
0.272267
-0.393804
-0.123906
0.151353
-0.288569
-0.471842
0.355272
0.121843
-0.173629
-0.357157
-0.497893
0.225097
-0.490852
-0.381377
0.247675
t: 2 ,x: 0 ,y: 2 ,z: 0
0.462734
0.217088
-0.326278
-0.0507195
-0.38938
-0.0629207
-0.365975
0.0495347
0.263302
0.147059
-0.487651
-0.191675
0.367032
0.133342
0.310251
0.134781
0.433163
-0.0702891
-0.0485378
-0.28076
-0.0901428
-0.16738
-0.129706
0.119269
t: 2 ,x: 0 ,y: 2 ,z: 1
0.382435
-0.0833609
-0.201123
0.189213
0.371302
0.225205
-0.276171
0.259267
-0.498699
0.343985
-0.184009
-0.232004
-0.272559
-0.122363
0.376087
-0.368738
0.119373
-0.0545155
0.484716
0.490923
0.430576
0.187571
0.0967956
0.128229
t: 2 ,x: 0 ,y: 3 ,z: 0
0.308133
-0.070168
-0.221373
-0.250278
-0.464918
0.0955491
0.149978
-0.442475
0.139737
0.17002
0.364101
0.00127801
-0.445015
0.0263241
-0.364626
0.375561
0.265453
-0.29769
-0.0927754
-0.0254926
-0.458415
0.282392
0.242291
-0.155586
t: 2 ,x: 0 ,y: 3 ,z: 1
-0.0729707
-0.11751
0.412267
0.285492
0.119389
0.362392
0.466632
-0.354473
-0.235737
-0.202919
-0.23252
-0.378962
0.468633
-0.0729769
0.0919197
0.235661
0.0320512
-0.222866
-0.0759763
-0.099194
0.492687
0.385147
-0.0149348
0.480249
t: 2 ,x: 1 ,y: 0 ,z: 0
0.0902132
0.112292
0.383783
0.0781789
-0.341391
0.322718
-0.492318
0.34931
0.279356
0.312762
-0.0781279
0.490018
0.249144
0.247209
0.0937211
-0.288913
-0.453932
-0.483148
-0.280407
-0.0845382
0.0144405
0.370182
-0.205795
-0.491449
t: 2 ,x: 1 ,y: 0 ,z: 1
0.43073
-0.108259
0.333644
-0.24607
0.461762
0.400661
-0.160153
-0.146061
0.281204
0.125123
0.177345
-0.0175168
0.271488
-0.428033
-0.477662
-0.173524
-0.194291
0.355391
0.439676
-0.197304
-0.422327
0.374667
-0.0549272
0.00844078
t: 2 ,x: 1 ,y: 1 ,z: 0
0.328139
0.138017
-0.382107
0.137205
0.101452
-0.281708
0.444107
0.0447283
0.359122
0.295778
0.0895185
0.386077
0.375569
0.494492
-0.269876
-0.23893
0.346094
-0.249506
0.399478
0.103165
-0.451683
-0.235733
0.052187
-0.373939
t: 2 ,x: 1 ,y: 1 ,z: 1
-0.284333
-0.31608
0.188168
-0.497399
-0.494839
0.0419407
-0.065934
-0.40784
-0.428416
-0.37453
-0.0637679
-0.0444139
0.29633
0.398534
0.283914
-0.399193
-0.33848
0.314399
-0.0481638
-0.112369
0.108667
0.357188
-0.0719202
0.286822
t: 2 ,x: 1 ,y: 2 ,z: 0
0.476041
0.434133
0.276211
-0.263596
0.270002
-0.196699
-0.130171
-0.332753
-0.407028
-0.433625
0.433251
-0.119657
0.0243396
0.382026
-0.176231
-0.150234
-0.369528
-0.0373393
0.198957
-0.301811
0.0661475
0.105793
-0.173255
0.0458911
t: 2 ,x: 1 ,y: 2 ,z: 1
0.422101
-0.0189877
-0.183515
0.169598
0.0720119
0.144511
-0.0240022
0.424036
0.277141
0.285348
0.332601
-0.323019
-0.282045
0.0211022
-0.404643
-0.412337
0.439474
0.155307
-0.018684
-0.0812628
-0.0793133
-0.314976
0.38026
-0.286356
t: 2 ,x: 1 ,y: 3 ,z: 0
0.108285
-0.495861
-0.209519
0.0940304
0.291082
0.186448
0.322371
-0.364009
-0.366124
0.452323
-0.162877
-0.230731
0.0381498
-0.0762722
0.464581
0.410121
-0.248132
-0.445435
-0.172692
0.0864408
-0.188209
-0.313159
-0.212824
0.142804
t: 2 ,x: 1 ,y: 3 ,z: 1
-0.0309203
0.0278337
-0.0736926
0.223468
0.222617
-0.0305629
-0.224052
0.122958
0.464356
-0.421909
0.0148515
0.266724
0.0271107
0.272158
0.473036
-0.461563
0.117635
-0.32663
-0.20275
-0.0941162
0.216414
0.369895
0.0612731
0.313973
t: 2 ,x: 2 ,y: 0 ,z: 0
-0.469473
0.360864
0.437162
-0.388744
0.497026
-0.234384
0.282823
-0.144561
0.151697
-0.0243258
-0.353203
0.203749
-0.098318
-0.19655
0.24289
-0.264434
-0.129682
0.338876
0.405323
-0.0223578
-0.481292
0.163657
0.399277
-0.393708
t: 2 ,x: 2 ,y: 0 ,z: 1
-0.309112
0.292563
-0.267723
-0.213702
-0.421879
-0.28785
-0.211422
-0.12711
0.352692
-0.330479
0.191734
-0.24901
0.382765
-0.0727612
-0.210209
-0.0849705
0.00717977
0.045191
0.0530512
-0.497009
-0.17724
0.376226
-0.0238825
-0.11007
t: 2 ,x: 2 ,y: 1 ,z: 0
0.316549
-0.130429
0.283927
0.119083
0.461537
-0.0354662
-0.144257
0.402768
-0.413183
-0.173274
-0.198405
0.160644
0.431762
-0.0699981
-0.447619
-0.420519
-0.201344
-0.480453
-0.342092
0.476466
-0.370595
-0.194972
-0.273656
0.327141
t: 2 ,x: 2 ,y: 1 ,z: 1
-0.350729
-0.172572
0.0841052
-0.320536
-0.0557447
-0.180808
0.28695
-0.182963
-0.0313829
-0.465494
-0.42896
0.457432
-0.484851
0.465032
-0.302979
0.475639
0.123217
0.0761335
0.410648
0.127995
0.248202
0.199618
-0.0797328
0.0185847
t: 2 ,x: 2 ,y: 2 ,z: 0
0.270872
-0.498774
0.374447
0.0979234
0.0863244
-0.495405
0.312339
0.312858
-0.420448
-0.00185061
0.45483
0.136962
-0.231707
-0.222673
0.00631871
0.102305
-0.226275
-0.418197
-0.155044
-0.373673
0.0656763
-0.224171
-0.406554
-0.118347
t: 2 ,x: 2 ,y: 2 ,z: 1
-0.378561
-0.21045
-0.416997
0.192031
-0.264124
-0.409886
0.149845
0.45418
0.225405
0.483653
-0.463432
0.383189
-0.320418
0.362634
-0.0899504
-0.0418014
0.231384
0.10788
-0.346996
0.305467
0.0409141
0.230455
0.138088
0.397504
t: 2 ,x: 2 ,y: 3 ,z: 0
0.317157
-0.00408313
-0.348541
0.369823
0.238528
0.211834
-0.00306907
-0.0390484
-0.424657
-0.420732
-0.417582
-0.433297
0.165979
0.00984312
0.467064
-0.333695
-0.346631
-0.407724
-0.0694882
-0.0741631
0.049612
-0.044287
-0.385017
0.113527
t: 2 ,x: 2 ,y: 3 ,z: 1
-0.236142
-0.378059
0.186382
0.0718124
-0.297731
-0.435469
-0.237626
0.382666
-0.0712779
-0.399827
0.063386
0.0355548
0.161085
0.425968
0.356783
0.361477
0.0702349
0.0861501
-0.215086
-0.268107
-0.0523346
0.402683
-0.405464
0.0379633
t: 2 ,x: 3 ,y: 0 ,z: 0
-0.187621
0.436434
0.118109
-0.236646
0.438917
0.359058
0.0966995
-0.457029
0.105736
0.210495
0.0797699
0.460348
0.0868149
-0.10707
0.188863
-0.0220009
0.0392015
0.409307
0.490206
0.317901
0.475396
-0.207037
-0.414476
0.313391
t: 2 ,x: 3 ,y: 0 ,z: 1
0.451818
0.394666
-0.199156
0.239084
0.453245
0.194329
-0.470145
-0.107953
0.207995
-0.413106
-0.128644
0.245302
-0.170236
-0.344652
-0.310363
0.323829
0.249396
0.288579
-0.377912
-0.436396
0.373511
-0.372263
0.360136
-0.194196
t: 2 ,x: 3 ,y: 1 ,z: 0
-0.213208
0.232003
-0.262416
0.251151
0.100874
0.0431401
-0.225291
0.153488
0.245136
-0.30207
-0.153033
-0.232981
0.093375
-0.0114198
-0.426083
0.0782449
-0.174837
0.303393
-0.143019
0.151487
0.331884
-0.3065
-0.266073
0.495994
t: 2 ,x: 3 ,y: 1 ,z: 1
-0.205217
-0.193854
0.363448
-0.277045
0.286013
0.301038
-0.495013
-0.0976134
-0.126446
-0.476565
0.316954
0.452664
0.246987
0.146208
0.160752
0.0996087
0.323517
0.212745
0.368514
0.42737
-0.357742
-0.486372
-0.390758
-0.190043
t: 2 ,x: 3 ,y: 2 ,z: 0
-0.390334
-0.487825
-0.428984
0.0601167
-0.17984
0.0974572
0.166216
-0.0386424
-0.256655
0.288105
0.362218
-0.040718
0.0428688
-0.363797
0.0417418
-0.320029
-0.328147
0.487803
0.00509046
-0.383961
-0.324042
0.445046
0.340741
0.275053
t: 2 ,x: 3 ,y: 2 ,z: 1
0.32752
0.344635
-0.08874
0.320396
-0.187164
-0.181653
-0.371705
-0.248788
0.199565
0.0335305
-0.476633
-0.034032
-0.177671
-0.475016
0.36049
-0.366768
-0.458011
0.124358
-0.317902
-0.34636
-0.442287
-0.130817
-0.268419
0.138617
t: 2 ,x: 3 ,y: 3 ,z: 0
-0.419192
0.430873
-0.346325
0.254273
0.215461
0.0394974
-0.261741
-0.0170032
0.333882
0.10289
0.243594
0.340611
0.0819857
-0.281415
-0.488199
0.353576
-0.0933524
0.0593365
-0.327613
0.148551
-0.343329
0.176448
0.218887
-0.16424
t: 2 ,x: 3 ,y: 3 ,z: 1
0.377018
0.10984
0.139185
0.477921
-0.110536
0.319794
0.0818581
0.328129
-0.367264
0.362516
0.248868
-0.30707
-0.478689
0.420154
0.319207
0.230903
-0.225541
-0.234398
-0.27141
0.23245
-0.234285
0.493447
0.0570718
0.443072
t: 3 ,x: 0 ,y: 0 ,z: 0
-0.0521283
-0.119405
0.10944
0.290274
-0.180288
-0.446385
-0.487476
-0.0466701
-0.28192
0.23456
0.299046
-0.424486
-0.0574816
0.213005
-0.00057839
0.0599744
0.349596
-0.15075
0.220884
0.313301
0.0901626
0.352149
-0.442377
-0.495062
t: 3 ,x: 0 ,y: 0 ,z: 1
-0.394823
-0.205297
-0.0539227
-0.104073
0.344358
-0.168409
0.256323
0.0570919
-0.0731897
-0.135029
-0.00652327
-0.155397
-0.376088
0.468432
0.472314
0.329988
0.112111
-0.276363
-0.276209
-0.008023
0.416945
-0.249768
-0.306066
-0.130803
t: 3 ,x: 0 ,y: 1 ,z: 0
-0.150564
0.116774
0.00355314
0.0455721
-0.477793
0.00894335
-0.348499
-0.205615
-0.275027
0.00100908
-0.43529
-0.057695
0.0377678
0.0275118
-0.175006
-0.468692
-0.434902
-0.315666
-0.264397
-0.345767
0.0853634
0.301821
-0.370212
0.418858
t: 3 ,x: 0 ,y: 1 ,z: 1
0.227285
0.327339
0.469136
0.355693
0.00868088
0.430623
-0.168807
0.226328
0.202839
0.402511
-0.156102
0.111985
0.0338636
0.356118
-0.0113877
-0.133944
-0.355261
-0.0407466
0.464038
0.499756
-0.369484
0.427833
-0.0199294
-0.16341
t: 3 ,x: 0 ,y: 2 ,z: 0
-0.316125
-0.207706
0.43365
-0.180755
0.0614882
-0.487532
-0.0920866
0.181546
0.146954
-0.138874
-0.16852
-0.191461
-0.140271
-0.37765
-0.0635493
-0.000694909
0.0393657
-0.441856
-0.138298
0.0200018
0.220478
-0.21484
-0.137673
-0.211289
t: 3 ,x: 0 ,y: 2 ,z: 1
0.406274
-0.326871
0.106576
0.269026
-0.452916
0.127596
0.468402
0.16592
0.435234
0.151744
-0.443254
-0.184726
-0.36127
0.39561
-0.0380828
-0.262435
-0.0864042
-0.00431527
0.344974
0.186549
0.258352
0.383893
0.0477353
0.165382
t: 3 ,x: 0 ,y: 3 ,z: 0
0.404001
-0.0978421
0.359079
-0.194528
0.0690172
-0.00274848
0.437433
-0.292534
-0.248777
0.490327
0.159876
-0.170897
0.177061
-0.0834552
-0.154975
-0.228697
-0.216336
0.212395
-0.120116
-0.138328
-0.229749
0.0918225
-0.229897
0.26374
t: 3 ,x: 0 ,y: 3 ,z: 1
0.322759
0.296969
0.0285883
0.450576
-0.410736
-0.464665
-0.38083
-0.226957
-0.136401
0.322378
0.380045
-0.474207
0.220762
0.137062
-0.0340445
-0.13179
-0.459975
0.267576
0.368597
0.192874
0.45034
0.475422
0.00148072
0.0506843
t: 3 ,x: 1 ,y: 0 ,z: 0
0.237497
0.138319
-0.331506
-0.460325
0.163626
-0.154187
0.474673
0.143629
-0.0329903
-0.483759
-0.116814
0.36696
-0.466169
-0.0203513
-0.325704
0.153922
-0.136669
-0.371494
-0.479913
0.00307453
0.484007
0.176534
0.252979
-0.107979
t: 3 ,x: 1 ,y: 0 ,z: 1
0.420857
-0.214321
-0.323426
-0.387204
-0.337692
-0.177747
-0.0558631
-0.115139
-0.169647
0.285486
0.113013
-0.339441
0.418541
-0.484791
0.47255
0.366932
-0.470127
0.130108
-0.361408
0.438189
-0.479735
0.273985
0.209388
0.38471
t: 3 ,x: 1 ,y: 1 ,z: 0
0.333126
0.154664
-0.0142656
-0.182694
-0.40325
-0.451327
0.372467
0.299577
-0.25142
0.414555
-0.401112
-0.363447
-0.450951
0.00863495
-0.177492
0.224397
0.352584
-0.0706971
0.0134559
0.383814
0.414484
0.329342
-0.243808
0.178907
t: 3 ,x: 1 ,y: 1 ,z: 1
0.329784
0.130559
-0.249337
0.0835632
0.423818
0.450962
-0.153221
-0.000927114
-0.455879
-0.38807
-0.0958711
-0.450484
0.239395
0.0313392
-0.366919
0.285569
-0.246313
0.0282787
-0.156061
0.412728
-0.387468
0.0660298
0.207576
-0.0734618
t: 3 ,x: 1 ,y: 2 ,z: 0
-0.16728
0.242154
-0.286016
-0.414699
-0.0515559
-0.101957
-0.495579
-0.0202156
0.114026
0.0650113
-0.351642
0.06986
-0.483023
0.0899542
-0.261821
-0.0504358
0.215102
0.190879
-0.117405
0.27494
0.29744
-0.118969
-0.205995
-0.256879
t: 3 ,x: 1 ,y: 2 ,z: 1
-0.038758
0.170116
0.185514
0.24646
-0.304188
0.202049
-0.379892
-0.157874
0.268915
-0.479063
0.287476
0.47542
-0.377396
0.470431
-0.0767641
0.474182
0.102682
0.326342
0.230811
0.191998
-0.33034
-0.361616
-0.282006
-0.18046
t: 3 ,x: 1 ,y: 3 ,z: 0
-0.131049
-0.0858819
-0.181791
0.306183
0.374176
0.216681
-0.46924
-0.461804
-0.140168
0.467566
-0.415141
0.405112
-0.19178
0.246745
0.30898
0.15251
-0.389607
-0.335393
-0.0298989
0.467272
-0.0179621
0.443695
0.336636
0.0705153
t: 3 ,x: 1 ,y: 3 ,z: 1
0.282579
-0.307069
-0.385604
0.203702
-0.200586
-0.0169943
-0.293349
0.285073
0.439094
0.238832
-0.0426267
0.186382
-0.446617
-0.346563
0.151029
0.0340174
-0.179492
0.297399
-0.437253
0.173936
0.200564
0.348899
0.279497
-0.0435377
t: 3 ,x: 2 ,y: 0 ,z: 0
-0.0111099
-0.0982883
-0.154116
0.294822
-0.097596
0.121893
-0.472559
-0.469584
-0.0487709
0.118699
0.129804
-0.00183603
-0.428395
0.2712
0.36391
-0.173135
0.125941
-0.0906834
0.205381
-0.0676257
0.412023
0.18646
-0.439527
-0.134522
t: 3 ,x: 2 ,y: 0 ,z: 1
0.265732
-0.299304
-0.17845
0.161732
-0.30968
-0.077688
-0.428291
0.107095
0.200104
-0.23207
-0.218719
0.381068
0.227642
-0.275266
0.328113
-0.131856
-0.489221
-0.226852
-0.430894
0.0387102
0.349617
-0.0177401
-0.00780593
-0.307836
t: 3 ,x: 2 ,y: 1 ,z: 0
-0.496663
0.0595209
-0.314011
-0.472144
0.282937
0.324707
0.478558
-0.0364418
0.0883223
-0.452113
0.11731
-0.143482
0.236828
-0.157909
-0.211263
0.298768
0.435135
0.333616
-0.390256
0.456199
-0.342331
-0.353631
0.461571
-0.499999
t: 3 ,x: 2 ,y: 1 ,z: 1
-0.488045
0.331395
-0.31717
0.0394641
0.395047
0.24868
-0.310099
0.106674
-0.124999
-0.434415
-0.449008
-0.333448
-0.23246
0.47472
-0.0956337
-0.170265
0.320397
-0.0462088
0.381807
0.431188
-0.233509
-0.10906
-0.12491
0.404011
t: 3 ,x: 2 ,y: 2 ,z: 0
0.261936
-0.31867
-0.433703
0.425763
-0.113929
-0.0358182
-0.367979
-0.356255
-0.0519938
-0.485779
-0.0729727
-0.10399
0.3179
0.427445
-0.24527
-0.263526
-0.119022
-0.351621
0.0397842
-0.254626
0.498515
-0.42558
-0.167575
0.0604002
t: 3 ,x: 2 ,y: 2 ,z: 1
0.0523234
-0.0573446
0.0946308
-0.200816
0.247964
0.45545
0.144984
0.0604288
-0.143246
-0.366614
-0.0278961
0.488829
-0.0121984
0.197575
-0.134236
-0.0319945
-0.201349
-0.121902
0.460345
-0.133941
-0.223218
-0.0786772
0.336997
0.399927
t: 3 ,x: 2 ,y: 3 ,z: 0
0.354079
-0.273958
-0.211061
0.107589
0.152511
-0.023109
0.218523
0.121274
-0.398342
0.363193
-0.0947477
-0.0798493
0.017354
0.472384
-0.439332
-0.492378
0.485576
-0.270614
0.169036
-0.493847
0.056878
0.316761
0.10203
0.491695
t: 3 ,x: 2 ,y: 3 ,z: 1
-0.175978
-0.14476
0.391093
0.000110176
0.4291
0.250148
0.34296
0.0295987
0.42633
-0.483476
0.391773
-0.464016
-0.287165
-0.415829
0.195529
0.371816
-0.0679034
0.0536222
-0.494909
0.355607
0.353415
-0.375028
0.260738
-0.3259
t: 3 ,x: 3 ,y: 0 ,z: 0
0.235576
0.453759
-0.295752
-0.381659
0.0940732
0.00155251
0.0337842
-0.266574
-0.391386
0.0436321
0.274319
-0.177884
0.131253
0.372114
-0.411864
-0.115832
-0.114586
0.39012
0.207917
-0.00397603
-0.0178504
0.231042
-0.460785
0.339645
t: 3 ,x: 3 ,y: 0 ,z: 1
0.322416
0.256708
-0.250411
0.0746078
0.302742
-0.210806
0.338461
-0.48581
-0.00344052
-0.286698
-0.235257
0.114013
0.144613
0.150148
0.19856
0.110923
-0.144777
-0.252924
-0.141124
0.260148
0.38883
0.255063
0.200621
0.0103444
t: 3 ,x: 3 ,y: 1 ,z: 0
-0.21888
-0.027988
0.42289
-0.370977
0.345169
0.318818
0.384077
0.244945
0.285423
0.284797
0.0302764
-0.490595
-0.245035
-0.269926
-0.129907
-0.40504
-0.307591
-0.435282
-0.138055
-0.452035
-0.314128
-0.362078
0.31927
-0.409562
t: 3 ,x: 3 ,y: 1 ,z: 1
-0.0711
-0.234775
0.0844916
-0.172941
0.0568034
-0.302229
0.274412
-0.0452223
0.281785
-0.0051909
0.357667
-0.0046949
-0.218649
-0.300867
0.189152
-0.225112
-0.263106
0.434861
-0.103153
-0.138883
-0.232051
0.0479658
0.193202
-0.0668773
t: 3 ,x: 3 ,y: 2 ,z: 0
-0.237473
0.192156
-0.233729
0.109339
0.265067
0.326217
-0.104968
-0.413838
-0.349111
0.433627
0.328841
0.051145
0.289725
0.401241
-0.227272
-0.274024
-0.21926
0.401084
0.0282469
-0.432633
0.127596
-0.192267
-0.0461584
0.10804
t: 3 ,x: 3 ,y: 2 ,z: 1
0.414529
0.153533
-0.0707755
-0.344611
0.142982
0.374843
0.434987
0.0819588
-0.106714
0.134747
-0.308301
0.23978
0.386954
0.32113
0.0419863
0.109644
0.342575
-0.0862402
-0.0953853
0.156816
-0.258076
0.289992
-0.318673
0.00621851
t: 3 ,x: 3 ,y: 3 ,z: 0
0.252758
-0.304087
-0.0447725
0.473045
-0.40906
0.0482614
-0.316269
0.188783
-0.453114
0.452145
-0.140365
-0.451944
0.249979
-0.17941
0.290598
0.468225
-0.000529602
-0.235851
-0.269663
-0.498396
-0.348477
0.482299
-0.415883
0.1692
t: 3 ,x: 3 ,y: 3 ,z: 1
0.119431
-0.266927
-0.193408
-0.00474829
0.0176958
0.0833438
0.41183
-0.386531
-0.139504
-0.450583
0.223373
0.488677
-0.48875
0.426052
0.106409
0.251723
-0.227664
-0.428227
-0.0553223
0.380812
0.10267
-0.330713
0.0514542
-0.0209304
