t: 0 ,x: 0 ,y: 0 ,z: 0
-0.0444817
0.867808
1.84194
1.78057
-1.64758
0.0578147
-0.241739
1.41912
1.07262
1.40562
0.263138
-2.15258
1.51488
0.129218
-0.940712
0.724425
0.860905
2.5938
0.143645
-0.0573553
-0.702635
0.652436
0.819845
-2.12372
t: 0 ,x: 0 ,y: 0 ,z: 1
-1.89104
-0.328533
-1.45171
0.365214
-0.124894
0.588164
0.398539
-0.223874
-0.705804
-0.194423
1.09434
-0.212531
-2.86171
0.180959
1.51857
0.402068
1.14727
1.09748
2.66481
-1.51525
1.60918
-0.0256237
-0.495871
-0.685341
t: 0 ,x: 0 ,y: 1 ,z: 0
0.46301
0.67012
0.457182
1.93516
-0.180788
1.07544
2.37356
-0.280232
-1.06512
0.0280663
0.198282
-0.102418
0.92171
-0.0276874
1.40879
-2.20195
-0.0681237
-0.495764
0.759673
-2.3365
-2.63521
-0.231523
-1.51423
0.470529
t: 0 ,x: 0 ,y: 1 ,z: 1
0.274507
0.380095
-2.13918
0.266658
-2.18291
0.178416
1.67812
1.97288
-0.166624
-0.0962909
1.70131
-0.495032
-0.909893
2.15178
1.13527
-0.608199
0.436336
0.226042
0.091786
-0.996054
0.709218
0.292792
-0.302831
-1.55525
t: 0 ,x: 0 ,y: 2 ,z: 0
-1.00149
0.286607
1.15432
0.143046
-0.53603
0.474667
-1.49609
-1.60197
-0.570017
-3.30427
0.346598
-0.197694
0.612135
0.0922305
0.521423
-0.261606
0.495255
-1.67843
-0.296833
-0.277918
-0.243088
-2.69321
0.130557
-1.75763
t: 0 ,x: 0 ,y: 2 ,z: 1
1.57102
1.69754
0.426531
0.653383
-0.447747
0.43302
1.53938
0.364593
1.8308
1.11221
1.26233
0.336802
-0.820334
0.171123
-1.14669
-1.27793
1.35139
0.794887
2.34608
-1.2357
0.435368
0.729621
2.42952
0.268984
t: 0 ,x: 0 ,y: 3 ,z: 0
0.561373
0.395549
-0.182735
-1.92698
-0.705592
-0.0112739
0.0436994
-2.37663
-1.28302
0.552828
0.995596
-0.765225
0.222958
-1.20527
-0.731047
-1.11062
2.68632
1.43091
-0.589623
-0.212276
0.199581
1.75864
1.17953
-0.468273
t: 0 ,x: 0 ,y: 3 ,z: 1
1.20196
1.8606
-0.780585
-0.288967
-0.397301
0.53011
-0.693554
-1.6662
1.31811
-0.624518
2.17996
-0.301167
0.0997117
1.07798
-0.151182
0.703954
-1.24321
1.26025
0.0051043
0.40855
-0.509782
1.08425
1.42272
-1.56129
t: 0 ,x: 1 ,y: 0 ,z: 0
-1.04833
-0.230636
-3.88327
0.126182
-0.496489
1.70102
-2.25278
0.712375
0.280751
-0.521393
-0.594679
1.12035
0.39729
0.771551
0.368114
-0.239132
-1.17891
-0.263817
0.536869
0.114311
2.31034
-0.0397348
0.858833
0.584905
t: 0 ,x: 1 ,y: 0 ,z: 1
0.484421
-0.362818
-1.5835
0.906183
0.0275453
0.962199
0.860939
-1.21305
0.114053
-0.110784
-0.014906
0.292501
1.14134
-1.04429
1.12926
0.805077
-1.51125
0.475752
-1.10293
1.34859
0.47743
1.21682
1.58213
-1.37179
t: 0 ,x: 1 ,y: 1 ,z: 0
1.87075
0.193756
-2.40767
0.562416
1.66053
-0.299489
-0.178493
-0.395928
1.63997
0.0488555
-0.0106784
1.81253
0.743643
-1.59304
-1.79819
-0.0512946
1.54622
-1.42674
0.213433
1.55749
-0.0694268
1.74431
-1.76708
1.01518
t: 0 ,x: 1 ,y: 1 ,z: 1
2.21613
-0.409189
-2.98538
2.17871
1.44505
2.54645
0.992152
-0.19748
-1.61139
-0.0915835
-0.177905
-1.85368
-0.0693703
1.27963
-0.37227
0.363109
0.278532
-0.11342
-0.503468
1.36807
-0.768575
-1.03299
1.50745
-0.951556
t: 0 ,x: 1 ,y: 2 ,z: 0
1.36797
0.972858
-0.841791
-0.491826
2.3151
0.720323
-1.0035
-0.777712
1.71608
-0.917853
0.0579456
0.35662
-0.477961
-0.601358
-0.285712
0.415827
1.00498
-0.823697
-0.811185
-0.0968179
0.104977
-0.352896
0.248194
-0.571454
t: 0 ,x: 1 ,y: 2 ,z: 1
1.64099
2.39724
-1.06966
-0.312664
-0.340188
1.2999
-0.0350665
0.104808
-0.485216
-2.14217
-0.159852
2.16347
-3.08871
1.0861
-1.83207
0.38197
-0.477564
1.02622
-0.915852
-1.36605
-1.33505
1.23737
0.583129
-0.628702
t: 0 ,x: 1 ,y: 3 ,z: 0
1.37564
0.714653
0.594447
-0.731693
-1.32332
2.28634
-1.4943
-0.706921
0.149922
2.06904
-1.55515
-0.916213
0.833792
1.15815
-1.02328
2.04813
-0.676821
0.949753
-0.337953
0.102713
1.02575
1.37631
2.35891
1.29649
t: 0 ,x: 1 ,y: 3 ,z: 1
-0.476323
0.445683
-0.186136
-0.210312
-0.0144326
2.35625
-0.659376
0.224971
1.39829
0.739738
-1.5712
0.555634
-1.56071
-1.28603
-0.798567
-1.80705
0.0444409
0.408968
-0.00348538
0.365036
1.77152
1.26471
0.669417
-0.682298
t: 0 ,x: 2 ,y: 0 ,z: 0
-0.697732
0.00938738
-0.108305
-1.52758
2.86881
-0.579103
-0.36243
-0.545616
1.74016
-0.285983
-1.69652
0.653041
-0.386494
-0.394048
1.82542
1.76619
0.0381154
-0.106856
1.42735
-0.305255
1.10821
1.16514
-0.384055
0.0500808
t: 0 ,x: 2 ,y: 0 ,z: 1
0.622704
-0.47066
0.854098
-1.33987
1.22845
2.24972
-1.64044
0.1303
-0.804168
-0.893003
0.099194
-1.74861
-0.922851
-2.95898
-0.17496
0.12063
-2.81971
-0.946077
-2.11268
-0.651819
0.984146
-0.29804
-1.33864
-0.360738
t: 0 ,x: 2 ,y: 1 ,z: 0
-0.716219
-0.926139
-2.28409
-1.50971
1.97368
0.562504
0.332682
-0.878225
0.940068
1.00824
0.927702
0.790554
0.0264235
-0.365601
-0.579464
1.40341
0.422407
0.312959
0.160757
0.911392
1.17233
-0.229509
0.181843
-1.16168
t: 0 ,x: 2 ,y: 1 ,z: 1
0.286927
2.70843
-0.381317
-0.40581
2.86557
0.119199
0.281931
-0.418287
-0.539665
-2.31693
-1.07621
1.23086
-1.52701
0.235563
-2.8256
-0.700133
0.658964
0.820643
-0.47059
1.09342
-0.625123
-0.000828087
-0.262654
-0.474251
t: 0 ,x: 2 ,y: 2 ,z: 0
1.69817
1.42048
-1.45114
-0.198979
-1.6361
-0.981657
-0.331405
-1.08838
0.960021
-1.47116
0.666687
1.44513
2.17576
0.287287
-2.27481
-0.450421
-0.262247
-0.379749
-2.26137
-0.875035
0.862131
0.315767
0.199902
0.798678
t: 0 ,x: 2 ,y: 2 ,z: 1
1.27814
0.376706
0.110203
-0.930222
1.36499
1.03871
-0.352753
0.165101
-0.982067
0.45172
-0.116844
1.19906
-0.021108
-0.427204
-2.12772
-1.6565
-0.849165
0.67983
-0.184732
1.00417
0.00980115
0.636544
-0.794769
1.40969
t: 0 ,x: 2 ,y: 3 ,z: 0
2.7345
0.933521
0.149803
-0.273838
1.69871
0.703129
1.066
-1.2849
0.502211
0.25103
-0.290094
-0.0414649
-0.412389
-0.401607
-2.79781
-1.64136
-0.105813
0.717761
0.254798
-0.896448
-1.88177
0.920578
0.0328321
2.20015
t: 0 ,x: 2 ,y: 3 ,z: 1
-0.237029
-0.520743
1.55133
0.313637
0.640319
-0.0720539
-0.665713
0.00203946
-0.410644
-2.83605
-1.42122
-2.00413
-0.413882
-0.703454
1.26875
-0.0470811
-0.382339
1.97903
0.464582
-0.0503905
3.59615
-1.33187
0.77769
-1.56361
t: 0 ,x: 3 ,y: 0 ,z: 0
0.205535
0.763683
-0.0121802
0.0152922
-1.92856
0.91118
1.10204
-0.320875
-1.80364
2.18561
1.61157
-1.10861
0.857419
-0.447531
-0.193003
-0.416508
-0.53152
1.32196
-1.41147
-1.90452
-1.19723
0.795526
-1.0824
-1.68318
t: 0 ,x: 3 ,y: 0 ,z: 1
0.445476
-0.972639
1.18843
-2.0384
1.72516
0.550621
-0.123468
0.387143
2.50307
-1.35789
-0.14355
-1.25008
-0.194648
-0.234741
-0.0562017
-0.550871
-0.272457
-0.7536
2.14858
-2.60056
1.20234
-0.213096
0.38588
-1.14828
t: 0 ,x: 3 ,y: 1 ,z: 0
-1.53918
0.524957
0.632265
0.0372246
-0.528259
-2.24236
1.45597
-0.550361
-0.966314
-0.442693
0.823734
-2.159
1.12954
-0.329115
1.4131
-0.743338
0.769982
-0.0403454
1.33168
0.215499
-0.040521
-0.679322
0.84953
-0.205032
t: 0 ,x: 3 ,y: 1 ,z: 1
0.0807824
-0.529551
-0.507869
-0.822076
-0.314461
-0.843919
0.733728
-0.169439
-1.00087
0.0355024
0.712003
0.861719
-1.84438
-2.43113
-0.382975
-1.52384
-0.893872
0.744289
-1.25872
-0.157447
0.239808
0.196508
-0.622646
-0.574951
t: 0 ,x: 3 ,y: 2 ,z: 0
0.146084
-0.195732
-0.509784
-0.938431
-0.269082
0.490931
1.42806
-3.24013
-0.759183
0.667835
0.643079
1.5705
-0.196353
-0.530385
-1.07422
-1.45769
-0.0323828
3.1044
-0.206538
-0.941544
-2.29778
0.612101
2.49449
-0.353372
t: 0 ,x: 3 ,y: 2 ,z: 1
1.27126
3.19994
0.802145
-0.848363
1.01172
-0.833128
0.00596595
-1.39089
-1.84514
-0.788134
0.106293
-0.560597
1.70393
1.34976
-0.184701
0.742874
-0.203508
0.528004
-1.72717
-0.801769
-0.569151
-1.62771
1.09984
-0.379314
t: 0 ,x: 3 ,y: 3 ,z: 0
0.247719
2.10832
0.343799
-0.25932
-0.311365
-1.10647
-1.85869
-0.570963
0.283562
-0.366721
0.702155
-0.929077
0.754281
0.597796
0.440692
0.302701
-1.28994
0.199056
-1.9401
-0.195486
-1.67841
-1.24797
0.143197
-1.39837
t: 0 ,x: 3 ,y: 3 ,z: 1
0.807721
0.771808
0.521197
-0.747313
-0.350728
0.507434
0.00023964
-2.57264
1.19552
0.322826
2.11604
0.49391
-1.5231
-1.85374
-1.01413
1.1843
-0.88847
0.53065
0.512332
-1.31468
-2.25038
-0.401523
0.938273
-1.39695
t: 1 ,x: 0 ,y: 0 ,z: 0
1.88629
2.08521
-0.447871
1.72664
0.4078
-1.87624
0.238454
1.73096
-2.19221
0.348955
1.84179
-1.23061
1.94588
1.86637
1.31098
1.5103
0.413922
1.96829
1.05999
0.434795
-0.391233
1.15825
0.556022
0.80351
t: 1 ,x: 0 ,y: 0 ,z: 1
-1.22547
0.0118411
0.528295
0.896505
-0.395128
0.330828
0.395907
0.28036
1.13041
2.32928
-1.44183
-1.11723
-0.545505
-1.89081
-0.361987
1.11632
0.230615
1.66476
-0.505894
-1.64813
0.612174
-1.04154
1.51838
-1.54017
t: 1 ,x: 0 ,y: 1 ,z: 0
-2.37026
0.171443
-0.924976
0.378845
0.206065
-0.00574708
1.48545
0.109037
-1.9274
0.402087
0.787699
0.113566
0.369975
0.793646
-3.53632
-0.266413
0.219785
0.640369
1.23297
1.3357
-2.38102
-0.554378
-0.811421
-0.235582
t: 1 ,x: 0 ,y: 1 ,z: 1
-1.10576
0.821408
-1.17896
-0.0627876
-0.633099
-0.743555
-0.334488
-0.31834
-0.343642
0.631609
1.75264
-0.975481
-0.155924
-2.14874
-0.145234
-1.23318
0.274341
0.0280472
-0.831443
-0.76224
1.75269
-1.26154
-2.54073
1.08073
t: 1 ,x: 0 ,y: 2 ,z: 0
-0.232336
-0.230807
-1.03234
-1.00303
-0.556474
0.723544
0.314524
0.162373
-0.113983
1.22094
0.989357
0.736484
0.290657
-1.85455
-0.725628
-0.053658
1.99251
0.585542
-0.908047
0.783567
-3.35635
0.405534
0.498163
-1.07142
t: 1 ,x: 0 ,y: 2 ,z: 1
0.844815
0.670316
-0.660747
0.43263
2.44332
0.112024
-0.17237
-0.844602
-1.67886
-1.13255
0.787033
-2.12142
-1.3647
0.232435
-0.109137
-2.53723
0.339434
0.0880639
0.11499
1.1811
0.647595
-0.450133
0.318983
-1.91864
t: 1 ,x: 0 ,y: 3 ,z: 0
2.11122
0.903266
1.1109
1.38659
-0.703327
0.739752
-1.55972
-0.326979
-0.138554
0.151014
2.33071
-0.641559
0.312872
-0.333874
-0.0074899
-0.341347
1.76376
1.02138
-1.85609
0.51689
-0.0458134
1.27229
-0.0259059
-1.91705
t: 1 ,x: 0 ,y: 3 ,z: 1
0.896779
0.116657
-0.386099
-0.730942
-0.235857
-0.821764
0.713338
-0.145016
-0.322399
1.07734
0.640507
-1.33031
-2.01695
-2.67204
-0.970388
2.17436
1.6708
1.18643
0.0520913
1.04738
1.00577
3.0529
1.09832
0.0436206
t: 1 ,x: 1 ,y: 0 ,z: 0
0.444792
1.84291
-0.825848
1.59193
-0.254348
2.30878
-0.0751713
0.334439
0.800248
1.44771
-0.855026
0.297909
1.52143
0.0402963
0.0971776
1.58108
-0.000805192
-2.0281
0.653315
0.307435
-0.224461
1.2211
0.698351
-2.10034
t: 1 ,x: 1 ,y: 0 ,z: 1
0.307597
0.579166
-0.312377
1.77242
0.475265
1.92627
-2.66143
0.210011
-0.314274
0.35263
1.44975
-1.13907
0.147042
-0.991258
-0.671888
1.74294
1.30237
-0.371794
0.0606702
-1.25752
0.79252
0.219281
1.08808
-2.44229
t: 1 ,x: 1 ,y: 1 ,z: 0
0.367894
0.405065
-1.71775
2.31792
-1.2192
1.0928
-0.714443
-2.40276
1.48308
0.983893
0.015681
1.04307
2.25262
-0.291946
-0.45817
-1.35925
0.0811513
-1.05809
0.189144
1.20059
-0.462029
-1.36988
-0.707758
-0.673598
t: 1 ,x: 1 ,y: 1 ,z: 1
-1.00287
1.34051
-0.0827007
1.1865
-0.104059
0.338381
1.46255
-0.801212
1.11658
-0.161244
1.23409
-0.776896
-1.41856
-0.118274
0.18196
0.510333
1.52301
0.814296
1.57436
-0.960708
0.311734
-0.0962313
1.32038
0.423303
t: 1 ,x: 1 ,y: 2 ,z: 0
0.524584
1.56282
1.08353
-1.45525
1.15446
-0.443923
-1.95696
-0.843809
-0.917076
-0.375024
1.76892
-0.335035
-0.912052
0.624271
-1.07667
0.606002
-1.36291
-1.05552
-0.725617
0.60112
1.25416
1.02312
-0.345606
1.1854
t: 1 ,x: 1 ,y: 2 ,z: 1
0.717027
-0.616351
-1.47245
0.466098
-0.203939
0.664119
0.0629503
-0.00846452
1.19547
0.575145
1.33686
1.08158
-2.29304
0.162171
-1.06063
-0.115812
0.906913
0.154101
0.928399
-1.23223
-0.433562
0.434123
-2.36807
0.096748
t: 1 ,x: 1 ,y: 3 ,z: 0
1.08679
-2.37385
-2.79769
-0.695394
0.337303
0.564297
0.742984
0.180522
-1.13133
0.616288
-0.609751
-0.925241
0.306416
-0.186867
-0.265241
1.33065
-0.359688
-1.32953
1.31241
0.997105
0.295853
-1.25608
-0.211552
1.18481
t: 1 ,x: 1 ,y: 3 ,z: 1
1.8973
1.46768
-1.48528
-0.601601
-0.0980408
3.76
1.24493
-0.603249
-0.271299
-0.629514
0.782789
0.120556
0.511103
0.032573
-0.122067
-0.504638
-0.54364
0.608287
-0.442707
-2.35641
0.190856
2.18935
0.656324
-1.4684
t: 1 ,x: 2 ,y: 0 ,z: 0
-0.35041
1.44428
-0.791776
-0.320032
0.196448
0.0176716
-1.26263
-1.76055
0.772278
-0.0225507
0.585604
-0.573006
0.48267
0.362386
1.09799
-0.18873
0.198167
-0.259089
-0.0529573
-1.50039
-0.27365
1.09579
1.28221
-2.98019
t: 1 ,x: 2 ,y: 0 ,z: 1
-0.432103
1.45608
0.554093
1.57019
-0.634795
0.829576
1.54994
-1.17684
1.28108
-1.35697
-0.368665
-0.0940574
1.74282
-0.212499
-0.291698
2.20075
0.796841
1.42292
1.18951
-2.50391
-0.743153
1.3107
-0.333036
-0.808853
t: 1 ,x: 2 ,y: 1 ,z: 0
-0.502654
0.795956
0.0066697
-0.439206
1.36007
-1.95168
0.170862
-1.06353
1.48843
-0.959389
-0.492656
2.09035
0.990577
-0.125666
-1.44144
-0.267242
0.602379
-1.91882
1.13724
0.53525
-2.41227
0.525072
-1.41356
1.33447
t: 1 ,x: 2 ,y: 1 ,z: 1
1.83565
-0.141972
-0.261802
-0.0241572
1.15437
1.08253
-0.668195
1.22197
-2.15007
0.557318
-1.85536
1.33874
0.748437
0.327252
-0.640027
-1.16395
0.343173
0.500781
-0.498614
0.539209
0.710398
2.52184
-2.77104
-0.689345
t: 1 ,x: 2 ,y: 2 ,z: 0
-0.938718
-1.97702
-1.71541
-1.79326
0.0385035
0.632009
-0.107169
0.448951
-1.2445
2.06955
0.918854
0.377913
-1.18553
0.448844
-2.48242
-1.53212
-2.04291
-1.05591
1.01288
-2.29489
-0.611007
-0.24225
-2.63288
1.00536
t: 1 ,x: 2 ,y: 2 ,z: 1
0.481015
0.434583
-0.394195
0.179935
0.334904
0.146647
-0.691375
0.106214
-0.178881
-2.13034
-0.454966
0.245036
0.159186
1.62562
0.876687
-1.37253
-1.19853
0.703703
0.189789
-1.74602
0.164301
0.487304
-0.130667
0.148235
t: 1 ,x: 2 ,y: 3 ,z: 0
-0.433037
0.114768
0.565834
-0.52551
1.65521
1.41728
2.69482
0.569309
-0.375729
-0.0697389
-1.9783
-0.92819
0.934262
2.87014
-0.734987
-1.23512
-0.567991
-1.52868
1.67131
0.679091
0.0801259
0.0365461
-0.0166375
0.894039
t: 1 ,x: 2 ,y: 3 ,z: 1
-0.568932
-1.18123
-0.676974
0.0463729
-0.399061
1.29976
-1.36699
-0.368625
-0.969605
-1.86444
1.69535
-1.89147
-0.0187751
0.0372134
0.939235
0.9514
-0.717193
1.28339
1.90291
-3.933
0.144283
-1.49811
0.541581
-2.40392
t: 1 ,x: 3 ,y: 0 ,z: 0
0.781524
1.6693
1.01125
-0.535758
0.126046
0.38389
0.619431
-0.739321
0.446297
-0.670519
0.231834
0.780991
0.939232
0.513847
0.709488
-0.0460763
-0.244407
1.33822
1.04598
-0.326016
-1.17329
0.142215
-1.20572
-0.916906
t: 1 ,x: 3 ,y: 0 ,z: 1
1.22991
1.84297
-0.206948
-0.78503
0.0695491
0.700765
-1.00775
2.76883
1.63534
-0.222982
-0.714512
-0.684888
-0.550738
-1.7847
-0.0804949
0.398557
-2.36313
0.613775
-0.328571
1.24721
0.590736
-0.999924
0.891332
-0.324572
t: 1 ,x: 3 ,y: 1 ,z: 0
-0.11609
-1.56348
0.588808
-0.968897
1.59474
0.136648
0.349943
1.34182
-0.599149
0.060559
0.582635
1.36212
0.218989
-0.437228
0.259945
-0.537997
-0.54904
1.98709
0.271317
0.709923
-1.79779
2.74774
-0.943866
0.0392018
t: 1 ,x: 3 ,y: 1 ,z: 1
-1.07589
0.475992
-0.394357
-0.818254
-0.158073
-0.174774
0.0841769
-0.408768
-0.537169
0.396233
0.0157664
-0.297447
0.698606
-0.713023
-0.465519
-0.511431
-1.17448
-1.63575
0.948298
0.859157
-0.587213
0.80119
-0.157265
-1.62313
t: 1 ,x: 3 ,y: 2 ,z: 0
-2.24699
-1.45133
-1.13119
0.822126
-0.399324
-0.425103
0.426423
-1.00599
0.114656
-0.394058
-1.57
1.88102
1.45036
1.18908
0.679299
-1.40077
-1.02475
0.796125
0.640247
0.361794
-1.11091
0.419563
0.97485
1.74705
t: 1 ,x: 3 ,y: 2 ,z: 1
1.37203
-0.522589
-0.672928
-0.280983
1.36306
0.564034
0.940658
-1.00937
-2.49422
1.75767
1.37822
-1.15551
0.0999612
-1.7856
-0.571833
-1.88812
-2.17157
1.91979
-1.23146
-1.37134
-2.23403
1.2224
0.475726
-1.50935
t: 1 ,x: 3 ,y: 3 ,z: 0
0.0844339
1.58626
-0.412665
0.138228
1.205
2.05703
0.928344
-1.30103
0.661104
0.641292
0.185471
-2.06739
-0.750475
-0.440091
-2.10333
-1.53742
-0.329741
0.871683
-1.05187
-0.314731
-2.82365
-0.471147
-1.95045
-3.11848
t: 1 ,x: 3 ,y: 3 ,z: 1
1.50653
0.651219
0.384479
1.52929
1.13743
0.0152022
0.139759
-0.457985
-1.17225
0.384685
2.10922
-0.778399
-0.869317
1.20069
1.69237
0.0315648
-0.438418
1.0121
-0.154523
-0.188394
0.687671
-0.0616097
0.893406
0.0774326
t: 2 ,x: 0 ,y: 0 ,z: 0
0.423839
-0.90427
1.1838
0.0867113
-2.00061
0.527806
-0.663243
-0.310831
-2.31809
1.08275
2.10157
0.884685
0.999405
-0.0070273
0.470688
-0.3959
0.49103
-0.459097
0.742811
-0.135895
-0.286999
0.27138
-1.0722
-0.784315
t: 2 ,x: 0 ,y: 0 ,z: 1
1.20938
-1.64383
-2.00189
-0.414589
1.88297
1.76925
1.15412
0.993693
0.104374
-0.386787
-1.01998
-0.659619
2.02048
-1.60248
-0.726407
2.48471
-0.56963
0.391362
-2.57417
-0.454994
2.50213
-0.503246
-0.920575
0.58445
t: 2 ,x: 0 ,y: 1 ,z: 0
1.21431
1.01186
-1.57365
0.737218
-1.04554
-0.291125
1.45006
0.588261
-0.442878
0.777946
0.14697
-1.085
3.58179
0.604307
-0.556534
-0.735728
1.56631
-1.1394
-0.178349
-1.98582
-0.563197
-0.700538
-0.814383
-0.687091
t: 2 ,x: 0 ,y: 1 ,z: 1
0.345388
-1.80695
1.78305
-0.230096
0.792054
1.31913
-0.143301
-0.331089
-3.53859
0.33553
-1.5152
1.32007
0.362818
-1.19971
0.891673
-1.84246
-0.577848
1.14587
0.889684
0.312465
0.0352661
0.397677
-0.826814
0.892834
t: 2 ,x: 0 ,y: 2 ,z: 0
0.592704
0.657714
-1.19195
-0.514898
0.228001
-0.660413
0.251697
-0.983361
-0.0928778
0.0534959
0.966386
-0.750102
-0.480501
0.90334
-0.351196
0.302515
0.816513
-0.284721
0.155988
-0.30178
-1.96831
0.501708
0.0508575
0.79271
t: 2 ,x: 0 ,y: 2 ,z: 1
3.05001
-0.397922
-0.219013
2.9663
-0.904435
-0.155458
-1.69676
0.223904
-0.916914
1.59035
-1.49907
-0.661799
-0.850114
-0.18809
-0.460064
-1.3231
0.0647684
0.629616
0.231192
-2.24911
0.967121
0.170258
0.29557
1.38814
t: 2 ,x: 0 ,y: 3 ,z: 0
0.152524
-0.526396
-1.14797
-0.600208
0.419216
1.1462
1.41805
-1.33881
-0.809916
1.3852
0.473566
-1.81158
0.257213
0.0969638
0.369591
1.79393
-0.475331
-0.778874
-2.17935
-1.85038
-1.73473
2.29138
-0.702795
2.21243
t: 2 ,x: 0 ,y: 3 ,z: 1
0.891602
-0.958453
-0.977548
1.67691
0.147356
-0.0485979
-1.16
1.10124
1.08629
1.64335
1.32976
-1.74079
-0.256844
-0.645488
-0.764304
0.0499919
0.673861
0.175898
-0.347812
2.40253
1.8351
0.0904311
1.66687
1.28603
t: 2 ,x: 1 ,y: 0 ,z: 0
2.57179
-0.405653
-0.339922
0.820434
2.33754
0.339847
0.407319
0.045091
0.797034
0.611833
0.546551
0.581399
0.884373
-0.751122
0.568037
1.85642
-0.168463
-0.200194
-0.201423
0.393225
-0.839119
0.151665
0.951767
-0.790776
t: 2 ,x: 1 ,y: 0 ,z: 1
0.266427
1.1184
-0.296774
-1.83712
-1.5062
0.648555
0.932091
-1.09302
1.42108
-0.680047
0.39487
-0.376446
0.353058
-0.284517
1.16641
-0.147883
-1.65398
0.414777
-0.747712
-1.22891
-0.854564
1.32719
-0.758421
-0.1774
t: 2 ,x: 1 ,y: 1 ,z: 0
1.88309
-1.04444
0.295189
0.339187
-1.29989
-0.840436
-0.437731
-0.0395534
-0.530547
0.3694
-0.334528
-0.234265
-0.884595
2.7295
-1.18794
0.13211
-1.743
0.0313666
-0.288815
1.57177
-0.944801
0.0604538
0.302425
1.50144
t: 2 ,x: 1 ,y: 1 ,z: 1
0.511599
0.951069
1.66806
-2.11513
2.0775
0.492423
0.363817
-0.413778
-0.740255
-0.532188
-1.04072
1.42723
1.36437
-0.633417
0.171047
-1.16004
0.609959
0.606976
1.02885
-0.840144
-0.793944
1.16183
-0.623369
-0.300935
t: 2 ,x: 1 ,y: 2 ,z: 0
1.43814
0.788032
-1.30326
-0.185268
-0.553897
-0.997372
-0.294058
0.642412
-1.28971
0.809985
1.72391
-0.229218
-0.166371
0.882364
-0.719081
1.13686
1.68225
-0.24326
0.44289
-1.96501
-0.703363
-0.938592
0.0844934
-0.741233
t: 2 ,x: 1 ,y: 2 ,z: 1
1.24678
-0.109926
0.489413
0.0916917
0.656914
0.936424
-0.0746632
-1.33975
0.760931
-0.65976
-0.160496
1.77767
0.180354
0.588477
-0.231196
-2.47092
1.13115
0.310527
0.899859
-0.0466959
1.20665
1.6322
1.57873
0.292719
t: 2 ,x: 1 ,y: 3 ,z: 0
0.96986
-0.0576944
-2.2301
0.0276404
0.633219
1.70894
-1.39015
-1.1561
0.538269
0.710138
-0.826876
-0.362238
0.564349
1.71885
-0.718334
-2.66149
-1.03121
-2.32447
0.312276
0.818275
-0.529004
1.85159
-1.26251
0.27198
t: 2 ,x: 1 ,y: 3 ,z: 1
1.96222
-0.89872
0.275176
1.39643
1.17465
0.212855
0.6175
-0.118194
-0.702759
-1.31019
1.36186
-1.80258
-0.154033
-0.104931
1.93513
1.08364
0.889923
-0.568899
0.166871
-0.854504
-0.502522
0.407126
1.41941
-0.159871
t: 2 ,x: 2 ,y: 0 ,z: 0
-0.0874533
1.74405
0.072571
0.243434
1.5863
-0.428554
-2.01435
0.185706
1.21289
0.100034
-0.860891
0.863107
0.439307
0.511385
1.13028
-2.60526
-1.32413
-1.48834
0.0600681
-0.916774
0.905704
1.77745
-1.43003
0.295403
t: 2 ,x: 2 ,y: 0 ,z: 1
0.503674
1.67316
0.864907
-1.15448
1.65586
-0.704475
-0.033765
-1.79943
2.28751
-0.993925
-0.525391
0.761918
-0.320708
0.128538
-0.675707
0.167658
1.35609
1.00426
0.221889
-0.807035
-1.20538
-0.0591592
1.34409
-2.57923
t: 2 ,x: 2 ,y: 1 ,z: 0
-2.44628
-0.826985
1.28551
-1.31398
0.434395
-1.04812
2.08444
0.279093
1.72903
0.0679153
-1.8343
1.60939
1.24929
-0.393099
-0.893737
1.50424
-1.70538
-1.14331
0.37724
-0.134219
-1.07572
0.441979
-1.86332
-1.09223
t: 2 ,x: 2 ,y: 1 ,z: 1
-2.18288
0.958717
0.409633
-0.605262
0.149085
-0.431069
-1.05859
-1.05472
-0.46141
-2.46812
-2.17598
0.211043
-0.76212
0.740476
-0.758231
-2.11755
1.09662
-0.00283173
1.3328
1.656
-1.44288
0.741979
-0.538517
1.31901
t: 2 ,x: 2 ,y: 2 ,z: 0
-0.844787
-1.80499
-0.242056
1.25631
-0.0571952
-0.751347
-0.00856584
0.45562
-3.88766
-0.787291
-0.913055
0.700004
0.665365
1.05901
0.578777
-2.97796
-1.76033
-0.606005
0.564963
0.352692
-0.278508
1.36888
-1.37405
1.79441
t: 2 ,x: 2 ,y: 2 ,z: 1
-0.739447
-1.57703
-0.0582341
-0.343119
-0.322235
-0.844018
0.0225461
0.792261
-1.02813
-0.320941
-0.871075
-0.971941
-1.88105
-0.0863195
-1.3667
0.774441
-1.06234
-1.40409
-1.35197
-1.63749
-1.00599
0.336388
-0.421737
-0.547316
t: 2 ,x: 2 ,y: 3 ,z: 0
0.33947
-0.935245
-0.15987
2.02999
1.99026
-0.792974
1.3606
0.0762153
-1.6179
0.376134
0.216498
-1.28457
-1.36812
-0.0366449
-0.140323
-0.302261
-0.170347
-0.715547
0.0728096
-0.633103
-0.773259
-0.107087
1.0712
-0.466032
t: 2 ,x: 2 ,y: 3 ,z: 1
0.790059
-0.734736
-0.256575
1.21253
-0.567143
-0.129408
-0.64281
0.536967
-1.03128
-2.15609
0.229918
0.126014
0.771153
1.86244
1.11223
0.970216
-1.75734
-0.605176
-1.64224
0.0601701
-0.243565
1.10586
-1.17495
1.83262
t: 2 ,x: 3 ,y: 0 ,z: 0
-1.15773
3.07385
0.557082
-1.25491
0.209758
0.81036
-0.140475
-0.799487
0.507585
0.597145
0.359012
-1.02159
0.543966
-0.711814
-0.0632542
-0.243405
-1.13279
2.5608
0.434304
0.970239
0.187889
0.154397
-0.484887
-0.0412447
t: 2 ,x: 3 ,y: 0 ,z: 1
2.42324
0.869029
0.1827
-0.962565
1.3323
1.61635
-1.56358
-1.75492
0.819971
-0.636092
-1.09137
0.537398
2.01788
2.12477
-0.504531
2.1518
-1.29483
1.30349
-0.691551
-0.591199
1.96712
-0.382143
1.00157
0.520529
t: 2 ,x: 3 ,y: 1 ,z: 0
-2.30645
-0.611701
-0.371862
-1.62533
3.68358
0.713614
1.60571
2.02903
-0.604692
1.26015
0.895175
1.96941
0.725406
-2.15745
-0.788128
-1.00722
-0.463305
-0.349045
-0.394408
-1.30809
-1.65093
-2.18993
-1.82239
0.945174
t: 2 ,x: 3 ,y: 1 ,z: 1
-0.323736
-0.402851
-1.70443
1.49205
-1.17728
0.518994
0.651279
-0.604142
0.69396
-0.968355
-0.549719
1.09723
-0.509457
-1.12738
-1.68409
-0.304403
-0.806375
2.55236
-0.0578591
-0.0248316
1.13568
-0.213377
-2.45714
1.10313
t: 2 ,x: 3 ,y: 2 ,z: 0
0.0911481
-0.994231
-2.75431
1.56628
0.87225
-1.23933
-0.831818
1.06001
-0.59914
0.29162
-0.863231
-0.173343
0.647391
-1.88518
-0.265228
-1.01891
-2.15988
-1.34852
-1.91596
0.704098
-0.950691
-1.03665
-1.15366
0.967226
t: 2 ,x: 3 ,y: 2 ,z: 1
-0.934779
-0.801377
-0.314531
0.414117
0.389536
1.41628
0.657141
1.45633
-0.9977
1.91775
1.09652
0.967288
-1.81129
1.39972
1.21547
-1.82304
-0.366217
2.93579
0.968216
1.36865
-1.37327
2.4574
-1.30053
0.921105
t: 2 ,x: 3 ,y: 3 ,z: 0
0.997478
1.54173
0.53627
0.775109
-1.21112
1.21751
-0.774974
-1.2911
-0.595749
0.483383
1.21947
0.424568
0.390835
-0.192385
1.66155
0.959424
-0.299339
-0.905859
-0.791445
-0.9025
1.04212
-0.387915
1.06576
1.68737
t: 2 ,x: 3 ,y: 3 ,z: 1
0.370876
-0.858603
1.15408
1.6668
0.739047
1.21512
0.432263
-0.265788
0.657562
-1.2224
-1.5046
0.268342
-1.21264
0.365525
0.413918
1.673
-1.63964
0.102042
-2.08242
0.238968
0.0142584
1.92919
-0.378838
0.180336
t: 3 ,x: 0 ,y: 0 ,z: 0
-1.03341
0.629441
-0.223749
-0.894905
-0.974661
-0.010725
1.29479
-0.909859
-1.63212
0.276786
1.47494
1.10896
1.42427
0.951425
-0.263832
0.65988
0.440598
-0.312885
-1.31548
-1.45226
0.101825
0.998995
-2.29748
0.541854
t: 3 ,x: 0 ,y: 0 ,z: 1
0.976995
-0.95177
-1.2763
0.0225866
-0.012325
-0.526501
-0.815056
-0.124829
-0.445275
0.278112
-0.0976079
-0.241168
2.04325
0.333709
1.17736
0.110681
-0.525061
-0.593962
0.140226
2.08113
1.74132
1.82937
-0.63641
0.485961
t: 3 ,x: 0 ,y: 1 ,z: 0
-0.686449
1.03701
2.81947
-1.29981
0.21352
-1.03535
-0.843284
1.81917
-1.05171
2.81131
-0.610614
-1.45151
-1.64901
-1.67227
-0.0710704
-2.2822
1.56349
-3.7328
0.675222
-0.953556
0.485653
0.780778
-0.445325
-0.728864
t: 3 ,x: 0 ,y: 1 ,z: 1
2.05348
-1.50323
-0.578472
3.76017
-1.67456
0.941576
0.639748
-0.136102
0.883244
-0.0749586
-1.37637
-1.84028
-2.17777
2.00251
-0.755584
-0.733535
-1.27858
-0.2572
0.0740333
0.501105
-0.812006
2.52924
-2.36932
2.40466
t: 3 ,x: 0 ,y: 2 ,z: 0
1.04159
1.2673
-0.00201434
-0.0320823
-0.534021
-0.349969
-0.711612
-0.338328
-0.95993
0.192105
-0.987741
-0.797712
-0.784905
1.06129
0.0810539
-1.95915
-0.616272
-1.24032
0.532165
-0.0514267
1.04685
-0.162961
-1.44017
0.226428
t: 3 ,x: 0 ,y: 2 ,z: 1
1.56319
0.778797
2.55288
0.233553
-0.295074
0.430028
-0.470926
1.33478
1.71571
1.02399
-0.130193
-0.410118
-0.588499
1.0643
-0.596758
0.509974
-0.456168
1.21529
0.656648
1.93303
-0.797683
1.45802
-0.867397
-1.678
t: 3 ,x: 0 ,y: 3 ,z: 0
0.942296
0.83448
-0.853403
1.9098
-1.63672
-0.846419
-2.72749
-2.10216
-0.614269
2.82433
0.547243
-0.830823
0.0440644
0.350611
0.434061
0.469732
-1.06297
-0.266766
0.326628
0.906443
-0.842614
2.45032
-0.19976
0.0961334
t: 3 ,x: 0 ,y: 3 ,z: 1
0.158553
-1.54289
1.47851
0.045067
-0.555928
-0.277839
1.17704
-1.89927
-0.718074
-0.128064
-0.289768
0.665275
-0.366709
0.0553837
0.713942
0.529262
-0.881227
-0.447795
0.140002
1.56009
1.4536
-0.157144
0.80678
-0.226548
t: 3 ,x: 1 ,y: 0 ,z: 0
0.793592
0.157603
-0.0567735
-1.56416
-1.75193
-0.88475
-0.536504
0.0476615
-0.372943
2.68486
-2.16668
-1.39258
-2.02133
0.790523
1.84076
0.413184
-2.86702
-0.227013
-1.31999
2.5349
1.25291
1.78181
-1.11824
0.372906
t: 3 ,x: 1 ,y: 0 ,z: 1
2.20338
-1.43346
-2.44219
0.32036
1.44348
1.87503
-0.633678
-1.02433
-0.384409
-0.541734
0.322867
1.27198
0.293086
-1.10705
0.210869
0.584945
-0.962265
-0.144193
-1.91957
1.64251
1.00544
-0.0696076
1.85157
-0.490184
t: 3 ,x: 1 ,y: 1 ,z: 0
0.820955
1.50285
-1.9897
-1.56363
0.913214
-1.39223
0.418718
-0.721482
0.150777
-1.10541
-0.0110394
-0.227573
1.31923
-0.026456
-0.539921
-0.269612
-0.0424996
0.176744
-0.65773
0.59909
-0.717058
0.244669
-1.4414
0.438652
t: 3 ,x: 1 ,y: 1 ,z: 1
1.79113
0.468042
0.329418
-2.05756
-1.81417
0.139272
0.589422
-0.681053
0.239167
-1.02529
-1.91233
-0.838917
-0.876633
1.17595
-0.415801
0.359151
-0.702879
0.205767
-0.508174
2.48881
-1.74385
2.44758
0.0313357
-0.119343
t: 3 ,x: 1 ,y: 2 ,z: 0
1.39328
1.24991
0.0744795
-0.606291
0.000360399
-0.331186
-1.82395
-0.250701
-0.149912
0.23135
-0.964071
0.909192
-0.121158
2.34529
-2.2658
-0.874962
0.341418
-3.21354
-0.889836
-0.495038
0.132063
-0.64485
1.23002
-0.220068
t: 3 ,x: 1 ,y: 2 ,z: 1
1.19699
-0.474498
-0.572868
0.669785
0.364104
1.44383
0.550812
1.58574
2.10602
-1.66862
-0.81996
0.412502
-2.01463
-0.145192
-1.02668
-0.140562
-0.976978
1.97345
0.520127
1.03541
-2.13455
1.81103
1.56851
-2.10758
t: 3 ,x: 1 ,y: 3 ,z: 0
1.05816
-0.499163
-1.31662
0.24255
0.346012
-1.65711
-0.416219
-0.576251
-1.37099
1.21317
-1.20263
1.74019
-2.86147
-0.385993
-0.0395461
0.650322
-0.0806727
0.329138
0.334979
1.20347
0.348032
1.64137
1.27828
-0.323877
t: 3 ,x: 1 ,y: 3 ,z: 1
0.0567456
-0.0663609
-0.247115
1.50791
0.349998
-0.0757355
-1.91016
-1.24129
1.46709
-0.353282
0.297226
1.35427
-0.0547649
-0.493211
2.87726
-0.0866402
-1.88775
1.55863
-0.825592
0.741823
-0.270253
0.346022
1.41574
0.482783
t: 3 ,x: 2 ,y: 0 ,z: 0
0.419692
1.15178
-2.14733
-2.57361
2.19495
-0.689222
-0.161709
0.218823
-0.873861
-1.5757
-0.842304
-0.818499
-2.36296
0.968975
0.283699
0.569863
-0.662287
-0.8924
-0.650665
0.763076
0.901393
0.266643
0.0848016
-0.283343
t: 3 ,x: 2 ,y: 0 ,z: 1
2.19223
0.230436
-1.42582
0.184571
-0.52738
0.814387
-0.477529
-1.44112
-0.0507061
-0.226332
-0.16434
-1.14317
0.188478
-0.699061
0.186954
-0.132145
-0.0418198
0.217468
-1.55552
0.484439
0.280099
0.758869
0.52335
-0.128999
t: 3 ,x: 2 ,y: 1 ,z: 0
-0.39551
0.436834
-2.4423
-0.650913
-0.206121
0.098518
-0.229112
-0.362628
0.165016
-1.54966
-0.364633
-0.325079
0.157425
0.470219
0.113784
-0.0247812
0.118723
0.579953
-0.469529
1.43432
0.494979
-1.58127
-0.496827
-0.551213
t: 3 ,x: 2 ,y: 1 ,z: 1
-0.533036
-0.951427
-1.77163
-1.74738
3.66843
2.36304
2.62282
0.0848138
-0.239798
-2.37106
-1.35966
0.337346
-1.17359
-0.229592
-0.0365586
1.05842
-0.501117
-0.863919
-0.645047
0.780296
-0.324777
-1.60532
1.55211
0.484707
t: 3 ,x: 2 ,y: 2 ,z: 0
1.08903
-3.18518
0.22234
0.983118
0.681205
0.148108
1.35882
-1.43105
-0.0112478
-0.164834
0.0461539
1.66477
0.0627446
1.06221
-1.98522
-1.38385
-0.300108
0.391408
-0.0462968
-0.900048
0.645581
0.573157
-0.306005
-0.841045
t: 3 ,x: 2 ,y: 2 ,z: 1
-1.44011
0.379071
-0.467927
-0.469128
0.73019
0.966899
0.314023
0.550091
-1.2485
-2.11366
-0.90781
0.678519
-1.60654
1.19085
-1.01252
0.227934
-0.509099
-0.229448
0.968432
0.704414
1.36606
-0.183567
0.00892746
1.5974
t: 3 ,x: 2 ,y: 3 ,z: 0
-0.268263
-2.25521
0.3682
2.38014
1.26302
0.100002
1.17251
-1.12544
-2.68747
0.0969478
-1.46309
-2.94468
0.585505
1.22001
-0.38876
-1.06184
-0.809552
-2.90203
0.435523
-0.150321
0.849505
-0.263694
-1.9069
0.0111268
t: 3 ,x: 2 ,y: 3 ,z: 1
1.9377
0.251651
0.743057
1.10522
-0.935223
-0.301412
-1.64029
1.04666
1.51924
-1.29495
0.436961
0.761166
-0.67664
-0.567468
0.92879
0.794606
-1.24962
-0.381894
-1.4965
-0.69286
-0.221373
1.17324
0.0104101
0.482654
t: 3 ,x: 3 ,y: 0 ,z: 0
-0.609536
-0.0997874
0.132579
-0.514717
1.36072
-0.143396
0.164026
-0.729423
-0.565451
2.55903
1.36287
-1.24522
-0.483356
0.381633
-0.345781
0.498147
1.43439
1.12197
0.675681
-0.441754
1.9969
0.0131419
-1.28214
1.01866
t: 3 ,x: 3 ,y: 0 ,z: 1
1.99659
0.381672
-0.975899
0.474855
0.86094
-1.47944
-0.88021
-1.01827
1.10475
-1.79322
0.612657
0.0293612
-0.122573
0.0100737
0.332332
0.399227
-0.685329
0.787104
-1.23705
-0.131837
1.14859
-0.715179
-1.12273
-0.925648
t: 3 ,x: 3 ,y: 1 ,z: 0
-1.23265
0.536091
-1.29286
-0.98138
0.316651
1.00432
1.4492
-0.683501
-0.556687
0.194825
0.476777
-1.23277
0.981735
0.549621
-1.83026
-1.50089
-0.82485
1.30217
-1.91201
0.514192
0.360585
-0.756471
0.492278
0.638649
t: 3 ,x: 3 ,y: 1 ,z: 1
0.0145584
0.704315
0.364619
-0.487457
1.17606
1.44508
0.559501
1.13622
-0.611782
-0.237274
-1.73125
-0.104574
-0.645829
0.680236
-0.227618
-0.584968
0.351056
-0.387113
0.219945
-0.0871223
-0.195209
-1.22466
-0.144545
0.623769
t: 3 ,x: 3 ,y: 2 ,z: 0
-1.9182
-0.48132
-0.959317
0.747194
-1.56502
1.217
-0.517485
-0.797103
-2.67206
0.539519
0.0633571
-0.185415
1.71514
-2.2228
0.560272
-0.70938
0.538647
0.269473
0.402728
-3.05832
-0.679061
0.847673
-0.230302
-0.128293
t: 3 ,x: 3 ,y: 2 ,z: 1
1.67825
0.84532
1.11073
-0.531902
-1.03434
1.00769
0.104942
-2.38002
-0.251795
-0.101917
-0.848554
1.37645
-0.526198
2.07102
0.0936045
0.370148
-0.562592
-1.47779
0.978412
-0.018044
0.292655
-0.545053
-1.21264
1.24017
t: 3 ,x: 3 ,y: 3 ,z: 0
2.06751
0.232869
-2.07465
-0.127997
0.3087
0.917262
1.27997
-0.434534
-1.37379
1.45187
0.367782
-0.296798
-0.487085
2.04634
-0.474312
1.99016
-1.33509
0.902025
-1.46731
-1.08805
-0.238801
-0.00246921
-0.110872
1.50348
t: 3 ,x: 3 ,y: 3 ,z: 1
-0.0165554
0.217491
1.34863
1.20103
1.05737
0.972534
-0.276982
-0.481081
-1.21126
0.0238592
1.27313
-0.875806
-0.0143999
1.55594
-0.282713
2.63122
0.0895019
-1.55142
-0.687729
2.83128
-0.465235
3.23592
-0.0777353
-0.828016
